3.970856393564758946e-04
2.907925881459050288e-04
1.867562085635654512e-04
3.205104623873467062e-04
4.597624844038250558e-04
3.779805200849750690e-04
5.778433328273990810e-04
4.248853574253530496e-04
3.120249388928186818e-04
3.775403333179383480e-04
2.555498507632592009e-04
7.299443750525824726e-04
2.419757576177516967e-04
3.218161169868949401e-04
3.652286091622158892e-04
4.560817236978209621e-04
4.382690485940088365e-04
4.715327071735941900e-04
1.803497656283070683e-04
1.909715623682473051e-04
2.287172986967789257e-04
3.046376137021411523e-04
2.746465965586253333e-04
3.769932297856826153e-04
3.388656754310659380e-04
3.143328080881246933e-04
2.708003269944470048e-04
2.297330397240671118e-04
2.788078506483770980e-04
1.792954300015026092e-04
2.932623781930487894e-04
2.825351877930870614e-04
3.893813440498661294e-04
3.296329146280640998e-04
1.946386183391268787e-04
2.167410148103954270e-04
2.966447802918992238e-04
2.976849599889419551e-04
3.090829199052791409e-04
4.044412108328288014e-04
3.522962910125215785e-04
3.367839193373356466e-04
1.890007916642844066e-04
3.271383495118129758e-04
3.082552483135714283e-04
2.615381519674997435e-04
2.260846233141933226e-04
3.502833919810655061e-04
5.899090298342457572e-04
5.445016298750715578e-04
1.910496710593179159e-04
4.738799581929242777e-04
2.311370046399474631e-04
2.183270501348033577e-04
2.121145914912858643e-04
2.135429760343754424e-04
3.161721280662277422e-04
3.589057011552654330e-04
3.213557289782897897e-04
3.067335872088960969e-04
4.041613656866616111e-04
5.846106122078253975e-04
2.397074762896522770e-04
3.667148774724182658e-04
2.296134217800727129e-04
2.377994221944845776e-04
2.588393902343000263e-04
3.440289946041730218e-04
2.205917091870901459e-04
3.221542174713931672e-04
5.052253690607244607e-04
4.061921361326881197e-04
3.034846330294271866e-04
2.963837965026527854e-04
3.804839671133208867e-04
4.748272066095182709e-04
2.678888093754494548e-04
3.356049859064569318e-04
5.661514257937483308e-04
2.895225263372935842e-04
3.372868978175347365e-04
3.845182231430044340e-04
3.020369507567011169e-04
2.391759093285372728e-04
2.535467725337525735e-04
2.569358336259597309e-04
2.120537653311771464e-04
2.727086258786926010e-04
4.183177742191901416e-04
4.501293681329343599e-04
4.697456477558148435e-04
2.701891780105825092e-04
2.653672330552581116e-04
4.520166362311783814e-04
3.709876948363444171e-04
2.420095970379065875e-04
3.444464224671150987e-04
4.052732747865661622e-04
3.023129374426503091e-04
3.588232107105682189e-04
