2.730349595125858286e-04
1.765566474318802648e-04
2.879220948912575295e-04
2.586776204580587546e-04
2.250028817130100833e-04
2.668853022882444748e-04
4.488501446715531529e-04
4.637034798520289769e-04
2.621932694850670487e-04
3.506828884809465308e-04
3.391307070970128734e-04
3.912008094246743894e-04
3.295735321628967540e-04
2.749077713204428619e-04
2.697218020557556883e-04
2.665819567084781738e-04
2.048404696921579671e-04
2.984782272932307023e-04
3.833532868142697225e-04
3.592811571095921863e-04
2.396234951120845835e-04
2.851985711984639238e-04
4.341456450518421661e-04
3.400826485986385705e-04
2.862926670985643796e-04
2.735585012700880725e-04
2.520244876862420824e-04
3.840182685905801918e-04
5.271209724213576919e-04
3.875746704053995018e-04
8.794599357386800875e-04
2.238866751440582448e-04
3.100608125876647136e-04
2.190990985937446567e-04
3.180279945809161291e-04
3.469484680351797579e-04
3.470739505431197358e-04
2.312244126159157531e-04
4.275466749135148348e-04
3.827368627185023797e-04
3.416838019916212943e-04
2.545540314429217688e-04
2.664645322809633399e-04
3.878914556665336022e-04
3.009885002995815739e-04
4.165399571505190579e-04
3.359746306443867070e-04
2.473282298183221428e-04
3.266392867686818136e-04
2.822419415906551876e-04
2.994486826821685099e-04
3.119216879881037130e-04
5.089099994677326322e-04
3.319858409653875242e-04
4.527826196252249247e-04
4.453341272636635040e-04
3.185851634199821092e-04
3.623596913087112625e-04
3.481398782412270521e-04
4.334971938320109075e-04
2.974039105723136345e-04
3.979230958606194690e-04
4.839306726367453848e-04
6.527146913057890742e-04
3.330617706254201948e-04
2.679736757826844951e-04
2.421278829487505391e-04
3.844234457730522081e-04
2.406180388732082065e-04
3.243160508361597749e-04
4.069197229412679917e-04
3.262016837695114191e-04
3.043659941113219247e-04
2.407309195433526838e-04
2.809849321465662797e-04
4.411511946997848099e-04
2.345193250405941399e-04
3.127311585657821524e-04
3.369917429409952092e-04
2.195681712109376349e-04
3.558517581723208423e-04
4.312071842207387817e-04
2.702286935090114639e-04
2.986177921044941286e-04
2.930143974566590259e-04
3.926458499066143304e-04
2.263959211319388487e-04
2.760440061422286817e-04
2.430022777133444833e-04
4.248250631633254670e-04
3.535353136570051902e-04
2.238317414153812024e-04
4.777424265185459262e-04
4.306469097485887687e-04
2.819146388048920926e-04
3.514429168447463780e-04
2.970523643952560633e-04
3.505538434112054347e-04
3.818530019117361007e-04
2.486697834171991417e-04
2.692866785309888655e-04
2.964433122656373598e-04
2.688112394650943315e-04
3.198320852177971574e-04
2.761557339141518241e-04
3.712112408109646822e-04
2.182282458207396303e-04
2.629603898185450817e-04
1.902107678333209151e-04
2.202690154007314050e-04
3.023833259092612025e-04
2.660086481398593605e-04
3.626483537217950470e-04
4.964597436369899697e-04
3.969213793126868950e-04
3.825649169044709197e-04
3.094054326382433828e-04
3.680221910897785165e-04
4.082913774894336711e-04
3.553078150915212063e-04
2.845213692879156042e-04
2.068486178217199267e-04
3.255490376545822073e-04
2.860926680838815628e-04
3.030270339081653219e-04
3.181721370282275529e-04
2.860941094056101974e-04
2.112988432969586938e-04
2.591656696466770882e-04
6.133958432883446221e-04
4.556462393381366383e-04
3.305414324543676230e-04
3.230405907217459571e-04
4.581751964707336811e-04
2.880900572606037713e-04
2.792877576567320830e-04
2.699252659894568751e-04
3.415449154857697067e-04
3.457969533897653491e-04
2.764550065847970473e-04
5.237723749260680961e-04
3.160632638596894139e-04
2.501050458931786125e-04
3.662387238136943779e-04
2.990053950995275045e-04
5.888350955700616396e-04
5.183671705211168046e-04
3.092018677435248719e-04
4.440346496465963355e-04
2.736995228147520720e-04
3.559628229439226743e-04
2.695692224463641651e-04
4.352589768856773844e-04
4.554899212081409132e-04
3.016171643182019579e-04
3.543518856261584915e-04
3.068175179166132693e-04
3.972395855242893958e-04
2.934181020393111794e-04
2.839163300834002257e-04
3.717266936078544859e-04
3.052355601624867631e-04
3.860445090424491354e-04
2.230480530016620833e-04
2.718426436771892440e-04
4.089656720438483717e-04
3.030270339010598946e-04
4.106012363251920760e-04
2.609872491348141921e-04
2.340400815796783718e-04
3.885828932297386018e-04
3.709217543175213905e-04
3.278483362905149079e-04
6.432482802551930945e-04
3.987770147446667579e-04
4.172589802990955832e-04
4.012245851541251795e-04
3.363739839272739118e-04
2.312003747206858861e-04
2.369036748532948877e-04
3.920416680998073389e-04
2.436336036240049907e-04
3.476240228437177393e-04
2.094415875077970668e-04
2.408817994563605680e-04
2.946345406158457081e-04
2.602683839398878263e-04
3.381344422308529829e-04
3.807328695515366235e-04
3.420505885358693376e-04
3.304874667762192075e-04
2.483703698388239900e-04
2.572058552061662340e-04
3.176085136686879196e-04
3.121072197842522655e-04
4.316177846774849058e-04
3.052954325752921250e-04
3.674202000283344205e-04
4.558926935445128947e-04
2.911184990708193254e-04
