3.701150655075480245e-04
2.395397158423406836e-04
3.311736214044458393e-04
5.526065847334393766e-04
5.673042734883892990e-04
2.840852939982596581e-04
3.879604753933563188e-04
2.247062471596450450e-04
3.448959100538218081e-04
4.260991644926548361e-04
4.639131083123970711e-04
3.433138757884535153e-04
3.745831478738637088e-04
3.123098386481615307e-04
3.831027465821534861e-04
3.175400513271142700e-04
1.755456336383076632e-04
3.287701701069067894e-04
2.045291886076938681e-04
2.405463795156492779e-04
3.550076737397489524e-04
3.196856789671187471e-04
4.120083024474752165e-04
3.185567098711317158e-04
3.581697665282490561e-04
3.797357035111303958e-04
2.561706251427153802e-04
2.958423882262195548e-04
4.476380169222693439e-04
2.601484973538958911e-04
4.963057373075230316e-04
4.230481748095371586e-04
2.558987004874779814e-04
2.464506495840623757e-04
2.305534717805812761e-04
4.214822025119246973e-04
5.235823208664669437e-04
4.982465538247993209e-04
3.799895910177042424e-04
2.824182523823992597e-04
4.215594937164723888e-04
3.591093079151619349e-04
3.480748515372056318e-04
3.315155925136537007e-04
2.198399473982703967e-04
2.296207113943182776e-04
4.241550007009209367e-04
2.234241573049189356e-04
4.509621996433565982e-04
3.177587823444127935e-04
2.988360514706300819e-04
2.547803647843238650e-04
2.754980541652685133e-04
3.145136287017180621e-04
2.020845926082870392e-04
2.544679990492682009e-04
2.605084375346677916e-04
3.427265383066924187e-04
2.407138875639702746e-04
3.777939865017287957e-04
3.114390772083197589e-04
2.317932896147567590e-04
3.371811323589213316e-04
3.108792198673882012e-04
2.923301951511803054e-04
3.059667471845273212e-04
3.064701799786462288e-04
2.897915987247756675e-04
2.691830905376946248e-04
5.832789641360136557e-04
5.133965171637555613e-04
4.032301648706493324e-04
6.213586452048502906e-04
4.290690519823670002e-04
2.948117876115929903e-04
4.152667618413374839e-04
4.128056986729689015e-04
2.785812991135117045e-04
3.133439516105340772e-04
4.571479619741580791e-04
5.047333646572838006e-04
3.948537724625111878e-04
3.377584809101108476e-04
2.457011172012357747e-04
3.146911406659569366e-04
2.570492886491138051e-04
2.405969418859399411e-04
3.674310298364957816e-04
2.361929414291807916e-04
2.690265306739547668e-04
3.246967191401495256e-04
3.104126245006000318e-04
3.688950488367481739e-04
2.123289234532421688e-04
3.177255505093512511e-04
2.506219771660767037e-04
3.405058884808909170e-04
3.012459718831905775e-04
6.132927768973672755e-04
5.959466091027820767e-04
