Optimal kD: 2418.95 m²/day, with mean error: 0.3499 m
Rank 1: kD = 2418.95, error = 0.3499 m
Rank 2: kD = 1963.16, error = 0.3501 m
Rank 3: kD = 1507.37, error = 0.3568 m
Rank 4: kD = 2874.74, error = 0.3588 m
Rank 5: kD = 4242.11, error = 0.3632 m

#### TEST 1 #####
sigma  1 cm: opt kD =  2363.6  error 0.3503  | within-2% plateau: 1545–2636  (5 pts)
sigma  1 cm: optimum kD =  2363.6 m²/day  (error 0.3503 m)

sigma  5 cm: opt kD =  2363.6  error 0.3697  | within-2% plateau: 1818–2636  (4 pts)
sigma  5 cm: optimum kD =  2363.6 m²/day  (error 0.3697 m)

sigma 10 cm: opt kD =  2363.6  error 0.4140  | within-2% plateau: 2091–4000  (7 pts)
sigma 10 cm: optimum kD =  2363.6 m²/day  (error 0.4140 m)

sigma 20 cm: opt kD =  4000.0  error 0.5185  | within-2% plateau: 3727–4000  (2 pts)
sigma 20 cm: optimum kD =  4000.0 m²/day  (error 0.5185 m)


sigma 50 cm: opt kD =  4000.0  error 0.8984  | within-2% plateau: 3727–4000  (2 pts)
sigma 50 cm: optimum kD =  4000.0 m²/day  (error 0.8984 m)


#### TEST 2 #######

31.47251635966672
29.547737508615526
5.030273115800746
3.222006047150149
2.0336811805403023
2.1175809693252567
0.6979997050199565
0.042965516021475025
0.0027897819861912865
2.734019233230356e-09
41.91038803292451
9.947598300641403e-14
41.534526871502244
1.3500311979441904e-13
41.72187388728014
1.4921397450962104e-13
41.35793427614307
1.6342482922482304e-13
42.057363612856626
1.1013412404281553e-13
22.770098368375173
20.786327455628765
4.70907829223561
2.2716049677116175
2.439247286000686
1.0852851270865358
0.12089900033431178
0.0013530651631548096
2.738582693950775e-09
41.667779112328425
1.1368683772161603e-13
41.22332929754322
0.0
41.44993716278645
1.3855583347321954e-13
41.24630477084445
7.815970093361102e-14
41.76195786517
1.4210854715202004e-13
17.86427515633754
15.831050472291661
3.47805002990658
1.9101414738511622
2.1049876199045876
1.1384562686476727
0.10180606951131921
0.0005833777261479156
2.358586215223113e-09
41.57613599554813
1.7408297026122455e-13
41.07990520469019
1.3500311979441904e-13
41.34123926048417
8.526512829121202e-14
41.21423553909979
9.947598300641403e-14
41.63165223355068
8.881784197001252e-15
17.146713298969118
12.615186289526555
2.5426502590406983
2.1182475039878135
1.5835028390787222
1.0132118819810962
0.034367727072982746
0.0005138437297418363
2.150819966573181e-09
41.553731393283414
1.7763568394002505e-13
41.00457681783318
0.0
41.298518530978185
8.526512829121202e-14
41.215083095782084
8.881784197001252e-14
41.57353410912175
9.947598300641403e-14
17.175371890416777
10.345640854555821
2.8343812395846903
1.886746972153425
1.2785822531132602
0.37177909284059396
0.0444497450186816
0.000618347483129611
1.387665093943724e-09
41.57241648623039
1.2434497875801753e-13
40.95408628421815
7.815970093361102e-14
41.29485566970635
0.0
41.238275550540266
0.0
41.548976659733306
1.4566126083082054e-13
17.2040373531117
8.790933101276998
2.6829276115665195
1.3872070987160399
1.3888209187005671
0.20341315884075328
0.014910751490912588
1.3984120528220956e-09
41.608738911511225
1.2434497875801753e-13
40.92147863064347
1.2079226507921703e-13
41.30920707540548
1.3500311979441904e-13
41.2770074961083
0.0
41.54792983223037
2.984279490192421e-13
17.23444120323276
8.556487606158939
2.658860568658575
1.2017613248100751
0.7165917280486589
0.09539170493591698
0.00014466298050308524
1.1583054515540425e-09
41.63485535882152
1.1723955140041653e-13
40.902489519597026
8.526512829121202e-14
41.318322679835504
1.0658141036401503e-13
41.29851903827469
1.3145040611561853e-13
41.55014227965998
0.0
17.26705527994935
8.360607964719243
2.27361597040181
1.3013856059440378
0.660343051628228
0.10679365328222801
1.5213217352538777e-09
41.62608828195054
9.947598300641403e-14
40.88028498287491
9.237055564881302e-14
41.307217622105156
7.815970093361102e-14
41.288523565779975
1.2789769243681803e-13
41.537954463160034
9.947598300641403e-14
17.30185611400272
8.218047455427115
1.9599804154514793
1.3836746141650025
0.5910090600464031
0.08634359002407521
1.393523518800066e-09
41.61504578485233
0.0
40.86487343155201
1.3500311979441904e-13
41.2964560844159
7.105427357601002e-14
41.27634640893134
1.0658141036401503e-13
41.52606117053807
1.2789769243681803e-13
17.338633395197828
8.116128003185363
1.7940836472625463
1.4764510327687184
0.48115405524341526
0.02349761940753936
1.0737283812289888e-05
1.0393677030151593e-09
41.59841280990181
0.0
40.84556219856773
8.526512829121202e-14
41.279452686243566
1.0658141036401503e-13
41.258750934686304
1.4566126083082054e-13
41.509528001279776
8.881784197001252e-14
17.377119604106948
8.096363016806311
1.8173738934276074
0.9198462001488465
0.15888314134306825
0.0008308537315606657
1.04179420645778e-09
41.586219434665104
1.0658141036401503e-13
40.83157861780204
1.4921397450962104e-13
41.2674019633404
8.171241461241152e-14
41.245479727617344
1.6342482922482304e-13
41.4970028982715
9.947598300641403e-14
17.417044975354507
8.128890455046989
1.7556641788739533
0.8255821261567
0.14358262431846924
0.0029999778578009284
1.3593215442142537e-09
41.57340879561605
9.237055564881302e-14
40.817899630135884
1.3145040611561853e-13
41.25462496580913
9.947598300641403e-14
41.230922428499156
1.2079226507921703e-13
41.48397617407942
0.0
17.458159631282825
8.374965431212257
1.504968469531029
0.7037774854551166
0.11707449479239784
0.0034390897483831395
9.244018883691751e-10
41.55872258382817
1.3500311979441904e-13
40.80353046616639
0.0
41.240178396467854
1.7763568394002505e-13
41.215096122320354
1.0302869668521453e-13
41.4698016758939
0.0
17.50024110401498
8.455705002001352
1.532436344161379
0.4515448326579623
0.026557584854014493
0.00038125136458333486
6.423874765459914e-10
41.5427872466077
1.0658141036401503e-13
40.78858510638952
1.9184653865522705e-13
41.22452139356316
1.2789769243681803e-13
41.198064478086366
7.460698725481052e-14
41.45477662834888
8.881784197001252e-14
17.543095080100763
8.535454024574967
1.5238727672733674
0.447773338213576
0.015898194986288416
8.36930524883428e-10
41.52626381622939
0.0
40.77325276304082
1.2434497875801753e-13
41.20862651204135
1.1723955140041653e-13
41.1804883347261
8.881784197001252e-14
41.43924517347757
8.526512829121202e-14
17.586554109579836
8.493878822198745
1.6212968922998954
0.4994500540414357
0.02306266330464979
0.0002101030043277774
7.18042514336048e-10
41.50961960348841
0.0
40.757625597660386
0.0
41.1929384876882
1.0658141036401503e-13
41.16308632908012
9.592326932761353e-14
41.423548711959356
8.526512829121202e-14
17.630474252407215
8.484482737309484
1.7312055682741416
0.5160212908496398
0.01897393087868693
0.0009750735716238523
7.027551873761695e-10
41.49153216104186
9.592326932761353e-14
40.741354896191446
9.947598300641403e-14
41.17607961764641
1.6342482922482304e-13
41.14414095032831
1.6342482922482304e-13
41.406684262831256
9.237055564881302e-14
17.674732530422972
8.476754670964091
1.9250317689995704
0.45235514148108535
0.031354267288314475
7.054833925934645e-06
4.944311626786657e-10
41.472796272285194
1.7763568394002505e-13
40.724621638609406
1.5631940186722204e-13
41.158621591701255
8.171241461241152e-14
41.1246668167239
1.2079226507921703e-13
41.389254693627606
1.3500311979441904e-13
17.719223713468637
8.499017351011918
2.0455683371095468
0.33901809723764487
0.048882766944529976
0.0048103341304184255
1.0556249208093504e-09
41.453404052488786
1.0658141036401503e-13
40.70742620342377
9.237055564881302e-14
41.14057551810805
0.0
41.1046989254427
1.0302869668521453e-13
41.371249243369085
0.0
17.763857953967026
8.516432535819408
2.138775986087225
0.3307440187427524
0.0866091516942511
0.022227186736891724
3.8846081906740437e-10
41.43342269895309
1.3500311979441904e-13
40.68979291290072
9.237055564881302e-14
41.12194752018987
0.0
41.08423805301014
9.237055564881302e-14
41.352720717535426
8.526512829121202e-14
sigma 10 cm: opt kD =  2231.6  error 0.4136  | within-2% plateau: 2232–8800  (16 pts)
sigma 10 cm: optimum kD =  2231.6 m²/day  (error 0.4136 m)
31.47251635966672
29.547737508615526
5.030273115800746
3.222006047150149
2.0336811805403023
2.1175809693252567
0.6979997050199565
0.042965516021475025
0.0027897819861912865
2.734019233230356e-09
42.08097649361461
9.237055564881302e-14
41.31765186002138
7.815970093361102e-14
41.69300026827769
2.0250467969162855e-13
41.220298178919826
1.1723955140041653e-13
42.35827623954224
1.9539925233402755e-13
22.770098368375173
20.786327455628765
4.70907829223561
2.2716049677116175
2.439247286000686
1.0852851270865358
0.12089900033431178
0.0013530651631548096
2.738582693950775e-09
41.91303325413275
1.2789769243681803e-13
40.99650662577037
8.526512829121202e-14
41.45088631515707
1.2079226507921703e-13
41.22325857382329
0.0
42.062288155372954
9.947598300641403e-14
17.86427515633754
15.831050472291661
3.47805002990658
1.9101414738511622
2.1049876199045876
1.1384562686476727
0.10180606951131921
0.0005833777261479156
2.358586215223113e-09
41.88947310309949
8.881784197001252e-14
40.86929481864418
1.4210854715202004e-13
41.36738001337498
9.237055564881302e-14
41.227854223660344
1.5276668818842154e-13
41.93382894937915
7.815970093361102e-14
17.146713298969118
12.615186289526555
2.5426502590406983
2.1182475039878135
1.5835028390787222
1.0132118819810962
0.034367727072982746
0.0005138437297418363
2.150819966573181e-09
41.90780967052427
1.8474111129762605e-13
40.80072083000214
6.750155989720952e-14
41.34536351105126
7.460698725481052e-14
41.25652978785919
9.237055564881302e-14
41.876580311216145
1.7053025658242404e-13
17.175371890416777
10.345640854555821
2.8343812395846903
1.886746972153425
1.2785822531132602
0.37177909284059396
0.0444497450186816
0.000618347483129611
1.387665093943724e-09
41.96338181341367
1.3145040611561853e-13
40.73597403392187
1.0302869668521453e-13
41.35330803928205
9.592326932761353e-14
41.30255180765167
2.4868995751603507e-13
41.85000202824316
0.0
17.2040373531117
8.790933101276998
2.6829276115665195
1.3872070987160399
1.3888209187005671
0.20341315884075328
0.014910751490912588
1.3984120528220956e-09
42.03332968529727
1.7053025658242404e-13
40.6857496773664
0.0
41.3731108572589
1.2079226507921703e-13
41.35921686635593
1.1723955140041653e-13
41.84794850546634
1.0658141036401503e-13
17.23444120323276
8.556487606158939
2.658860568658575
1.2017613248100751
0.7165917280486589
0.09539170493591698
0.00014466298050308524
1.1583054515540425e-09
42.08224306545162
0.0
40.64579512949253
0.0
41.394243578720314
1.3145040611561853e-13
41.38916103617922
0.0
41.845637466074706
1.1723955140041653e-13
17.26705527994935
8.360607964719243
2.27361597040181
1.3013856059440378
0.660343051628228
0.10679365328222801
1.5213217352538777e-09
42.075378706416046
1.0302869668521453e-13
40.61340720140044
7.815970093361102e-14
41.38529249297154
1.4210854715202004e-13
41.377329559745675
1.2434497875801753e-13
41.83320660138518
1.3145040611561853e-13
17.30185611400272
8.218047455427115
1.9599804154514793
1.3836746141650025
0.5910090600464031
0.08634359002407521
1.393523518800066e-09
42.06161518585622
1.1368683772161603e-13
40.594402690014924
1.2789769243681803e-13
41.373410039483254
0.0
41.36133471224372
8.526512829121202e-14
41.82073569569118
1.4210854715202004e-13
17.338633395197828
8.116128003185363
1.7940836472625463
1.4764510327687184
0.48115405524341526
0.02349761940753936
1.0737283812289888e-05
1.0393677030151593e-09
42.039507408456245
1.4210854715202004e-13
40.570294916027414
0.0
41.3549075813597
1.1013412404281553e-13
41.33923635672258
7.815970093361102e-14
41.803633016076475
0.0
17.377119604106948
8.096363016806311
1.8173738934276074
0.9198462001488465
0.15888314134306825
0.0008308537315606657
1.04179420645778e-09
42.02390850911531
1.2079226507921703e-13
40.55024372291716
2.2026824808563106e-13
41.34185564090199
2.0250467969162855e-13
41.322356639222654
1.7053025658242404e-13
41.790525097817486
1.3145040611561853e-13
17.417044975354507
8.128890455046989
1.7556641788739533
0.8255821261567
0.14358262431846924
0.0029999778578009284
1.3593215442142537e-09
42.0079043970302
0.0
40.531978974245774
1.1368683772161603e-13
41.32814345654522
9.947598300641403e-14
41.30315272442864
1.4210854715202004e-13
41.77695145802318
1.4210854715202004e-13
17.458159631282825
8.374965431212257
1.504968469531029
0.7037774854551166
0.11707449479239784
0.0034390897483831395
9.244018883691751e-10
41.988800286264095
0.0
40.51387914212548
8.881784197001252e-14
41.312633025016524
1.7053025658242404e-13
41.28284196300026
1.1013412404281553e-13
41.762177553394956
8.881784197001252e-14
17.50024110401498
8.455705002001352
1.532436344161379
0.4515448326579623
0.026557584854014493
0.00038125136458333486
6.423874765459914e-10
41.96953762586111
0.0
40.49566873655536
1.0302869668521453e-13
41.2959162316302
1.0302869668521453e-13
41.261116783945276
1.9895196601282805e-13
41.74659576498855
0.0
17.543095080100763
8.535454024574967
1.5238727672733674
0.447773338213576
0.015898194986288416
8.36930524883428e-10
41.94978576135763
8.526512829121202e-14
40.47731759509254
1.8118839761882555e-13
41.27844995688071
3.552713678800501e-15
41.23905882420663
3.552713678800501e-15
41.730558888355596
0.0
17.586554109579836
8.493878822198745
1.6212968922998954
0.4994500540414357
0.02306266330464979
0.0002101030043277774
7.18042514336048e-10
41.929825617548445
0.0
40.45816341064396
1.3500311979441904e-13
41.26120195592291
0.0
41.21758830797875
9.947598300641403e-14
41.71432729836413
0.0
17.630474252407215
8.484482737309484
1.7312055682741416
0.5160212908496398
0.01897393087868693
0.0009750735716238523
7.027551873761695e-10
41.90839449313634
0.0
40.43955933186259
1.1368683772161603e-13
41.24236846848662
0.0
41.19440271281175
7.105427357601002e-14
41.69693587749539
7.105427357601002e-14
17.674732530422972
8.476754670964091
1.9250317689995704
0.45235514148108535
0.031354267288314475
7.054833925934645e-06
4.944311626786657e-10
41.88628562231301
6.750155989720952e-14
40.4207074104397
0.0
41.22294317493917
7.815970093361102e-14
41.17086723063898
2.0250467969162855e-13
41.67898958231701
0.0
17.719223713468637
8.499017351011918
2.0455683371095468
0.33901809723764487
0.048882766944529976
0.0048103341304184255
1.0556249208093504e-09
41.8634584439806
1.6342482922482304e-13
40.401596915783685
1.2789769243681803e-13
41.202957041537694
0.0
41.147050358164286
1.3500311979441904e-13
41.660460656096994
1.4210854715202004e-13
17.763857953967026
8.516432535819408
2.138775986087225
0.3307440187427524
0.0866091516942511
0.022227186736891724
3.8846081906740437e-10
41.84005978353014
0.0
40.382267173266094
9.947598300641403e-14
41.18238264330962
0.0
41.12290690939744
0.0
41.64143311460077
9.237055564881302e-14
sigma 20 cm: opt kD =  8800.0  error 0.4876  | within-2% plateau: 7158–8800  (5 pts)
sigma 20 cm: optimum kD =  8800.0 m²/day  (error 0.4876 m)
31.47251635966672
29.547737508615526
5.030273115800746
3.222006047150149
2.0336811805403023
2.1175809693252567
0.6979997050199565
0.042965516021475025
0.0027897819861912865
2.734019233230356e-09
45.098986561586976
1.8829382497642655e-13
42.77906308932437
1.1368683772161603e-13
41.645458379058645
1.3500311979441904e-13
41.85168810844993
1.0658141036401503e-13
43.26210008049239
1.0658141036401503e-13
22.770098368375173
20.786327455628765
4.70907829223561
2.2716049677116175
2.439247286000686
1.0852851270865358
0.12089900033431178
0.0013530651631548096
2.738582693950775e-09
43.030038851019725
1.1013412404281553e-13
41.98440017171031
8.171241461241152e-14
41.52857423695721
9.237055564881302e-14
41.5218723309672
1.3500311979441904e-13
42.96327902598179
1.3500311979441904e-13
17.86427515633754
15.831050472291661
3.47805002990658
1.9101414738511622
2.1049876199045876
1.1384562686476727
0.10180606951131921
0.0005833777261479156
2.358586215223113e-09
43.20326313461394
1.2789769243681803e-13
41.388537642737745
8.881784197001252e-14
41.525561703670476
1.6697754290362354e-13
41.53505331498833
0.0
42.840359096864574
8.171241461241152e-14
17.146713298969118
12.615186289526555
2.5426502590406983
2.1182475039878135
1.5835028390787222
1.0132118819810962
0.034367727072982746
0.0005138437297418363
2.150819966573181e-09
43.31238454691033
1.2079226507921703e-13
40.94771071476875
1.2079226507921703e-13
41.54261386123312
0.0
41.59186724653532
0.0
42.78571891749921
1.2079226507921703e-13
17.175371890416777
10.345640854555821
2.8343812395846903
1.886746972153425
1.2785822531132602
0.37177909284059396
0.0444497450186816
0.000618347483129611
1.387665093943724e-09
43.44861068556571
1.1368683772161603e-13
40.62145653357554
0.0
41.57788951682973
6.750155989720952e-14
41.67562210323742
9.592326932761353e-14
42.75593715135688
8.881784197001252e-14
17.2040373531117
8.790933101276998
2.6829276115665195
1.3872070987160399
1.3888209187005671
0.20341315884075328
0.014910751490912588
1.3984120528220956e-09
43.5866035150178
1.1368683772161603e-13
40.37743739885207
1.9895196601282805e-13
41.618398606312375
1.0658141036401503e-13
41.74106703882445
0.0
42.74800452517412
0.0
17.23444120323276
8.556487606158939
2.658860568658575
1.2017613248100751
0.7165917280486589
0.09539170493591698
0.00014466298050308524
1.1583054515540425e-09
43.677443816798814
1.2434497875801753e-13
40.29928470264402
1.2079226507921703e-13
41.64929422391369
9.947598300641403e-14
41.76353689685339
7.105427357601002e-14
42.74245165030102
7.815970093361102e-14
17.26705527994935
8.360607964719243
2.27361597040181
1.3013856059440378
0.660343051628228
0.10679365328222801
1.5213217352538777e-09
43.653433642063426
1.5276668818842154e-13
40.27005030564254
0.0
41.638471842161394
1.0302869668521453e-13
41.736883215541766
0.0
42.72526715152241
8.171241461241152e-14
17.30185611400272
8.218047455427115
1.9599804154514793
1.3836746141650025
0.5910090600464031
0.08634359002407521
1.393523518800066e-09
43.62037232249366
1.1013412404281553e-13
40.25909103245013
9.947598300641403e-14
41.62086624450815
1.4921397450962104e-13
41.70555437500914
1.2079226507921703e-13
42.710968577997804
0.0
17.338633395197828
8.116128003185363
1.7940836472625463
1.4764510327687184
0.48115405524341526
0.02349761940753936
1.0737283812289888e-05
1.0393677030151593e-09
43.57715767126837
2.1671553440683056e-13
40.234225008224904
0.0
41.59357214571653
1.3145040611561853e-13
41.66913534789767
1.2079226507921703e-13
42.693126396842814
1.2434497875801753e-13
17.377119604106948
8.096363016806311
1.8173738934276074
0.9198462001488465
0.15888314134306825
0.0008308537315606657
1.04179420645778e-09
43.544316996707025
1.4921397450962104e-13
40.20861552372749
0.0
41.57498830933909
8.171241461241152e-14
41.6392264248384
8.171241461241152e-14
42.67907713404919
0.0
17.417044975354507
8.128890455046989
1.7556641788739533
0.8255821261567
0.14358262431846924
0.0029999778578009284
1.3593215442142537e-09
43.51295171444225
9.237055564881302e-14
40.180247627827036
0.0
41.555915662557055
9.947598300641403e-14
41.603939569669706
0.0
42.66413544948332
2.3803181647963356e-13
17.458159631282825
8.374965431212257
1.504968469531029
0.7037774854551166
0.11707449479239784
0.0034390897483831395
9.244018883691751e-10
43.47504629931683
1.2434497875801753e-13
40.15166936690535
1.2079226507921703e-13
41.53423239102324
0.0
41.56904159026218
0.0
42.648157072333554
0.0
17.50024110401498
8.455705002001352
1.532436344161379
0.4515448326579623
0.026557584854014493
0.00038125136458333486
6.423874765459914e-10
43.43501822026512
7.815970093361102e-14
40.1218580734228
1.2789769243681803e-13
41.51127325866078
1.1723955140041653e-13
41.53269158662181
8.526512829121202e-14
42.631552200490525
8.881784197001252e-14
17.543095080100763
8.535454024574967
1.5238727672733674
0.447773338213576
0.015898194986288416
8.36930524883428e-10
43.39601259338697
8.171241461241152e-14
40.090875149294206
1.0658141036401503e-13
41.489347536487664
1.2789769243681803e-13
41.496950753424464
8.171241461241152e-14
42.61443246019394
7.460698725481052e-14
17.586554109579836
8.493878822198745
1.6212968922998954
0.4994500540414357
0.02306266330464979
0.0002101030043277774
7.18042514336048e-10
43.359632251506
6.394884621840902e-14
40.05731112166581
7.815970093361102e-14
41.46894134754595
0.0
41.46247904385602
1.1368683772161603e-13
42.59670003333199
0.0
17.630474252407215
8.484482737309484
1.7312055682741416
0.5160212908496398
0.01897393087868693
0.0009750735716238523
7.027551873761695e-10
43.323088301468346
0.0
40.02652631772182
0.0
41.44710371405386
1.0658141036401503e-13
41.42686991841207
1.2789769243681803e-13
42.5781757070595
1.3855583347321954e-13
17.674732530422972
8.476754670964091
1.9250317689995704
0.45235514148108535
0.031354267288314475
7.054833925934645e-06
4.944311626786657e-10
43.285989316998716
0.0
39.99574465474795
7.105427357601002e-14
41.424720886651635
1.0658141036401503e-13
41.391584619201915
1.3855583347321954e-13
42.55902660412863
0.0
17.719223713468637
8.499017351011918
2.0455683371095468
0.33901809723764487
0.048882766944529976
0.0048103341304184255
1.0556249208093504e-09
43.248097666296154
8.881784197001252e-14
39.964928867341044
1.3500311979441904e-13
41.401830653941744
7.815970093361102e-14
41.356763910772884
0.0
42.539217235774636
9.947598300641403e-14
17.763857953967026
8.516432535819408
2.138775986087225
0.3307440187427524
0.0866091516942511
0.022227186736891724
3.8846081906740437e-10
43.209912082706005
0.0
39.93440168739109
9.947598300641403e-14
41.378328436496446
5.684341886080802e-14
41.32219498650278
8.526512829121202e-14
42.51886945844878
1.5631940186722204e-13
sigma 50 cm: opt kD =  8800.0  error 0.7701  | within-2% plateau: 8389–8800  (2 pts)
sigma 50 cm: optimum kD =  8800.0 m²/day  (error 0.7701 m)